16938
65024
99556
89383
27610
1645
11632
66654
69649
54470
46411
94672
5301
10791
23988
92732
97007
49288
37001
14963
77422
31267
16138
99708
1856
62820
37476
17254
30712
83623
90454
73637
78499
38985
3833
19997
22373
15684
62424
92350
26188
18341
56346
34540
46726
98358
80957
36258
88332
24407
22818
28663
85674
49399
37934
87644
84585
84730
29087
16538
21469
15720
29358
61455
18384
53367
49780
15114
33574
13209
93801
73918
93263
19269
99981
56603
48901
17660
44105
64848
42896
88752
57638
21774
41519
68598
89405
26918
30900
33655
54740
40050
9188
4714
62426
10661
17008
92924
69163
48533
97631
25049
60505
44237
50429
34055
64667
44824
22544
7636
65996
29872
39924
35753
24465
1975
19069
20591
37379
31715
39710
37107
63201
42245
94074
76115
67912
1863
27952
25644
26477
19977
36018
94928
92966
36762
42801
43823
72846
95644
58816
404
83777
11228
6523
10776
15511
32018
53096
83010
66116
7998
32801
58630
26960
16158
97622
68241
75215
54982
12098
21573
60659
38762
9419
25534
91640
75204
58478
6315
91361
88858
86471
6524
78952
85488
32236
6601
65522
1563
17518
7353
85261
18680
55439
98725
74145
61705
88554
21253
32672
33356
37953
89747
38346
89917
577
78884
21583
47739
24853
9162
6059
54937
40297
56159
43255
1008
4427
20961
43315
68935
6361
47904
37082
43489
20824
79648
17632
15279
92852
1321
33488
25616
61935
34781
61961
69482
64014
20749
17760
34355
13215
12276
72619
57527
72081
36324
113
42843
98437
34078
49626
58051
80630
10049
61102
62444
62138
7527
8458
96912
94305
86399
2344
85270
84797
18775
90330
60526
32101
60376
27310
61611
87055
37192
56103
83298
20308
66611
56193
68288
49621
27220
81016
87388
60111
8407
33918
95378
63842
46371
74907
38079
988
44659
99226
47943
68269
43054
25547
82175
44847
29405
69355
6657
34564
23707
99181
45623
98187
67535
8200
42036
46239
4780
76483
58058
39643
74647
50536
47975
45755
33815
75771
88550
5154
29176
36357
31631
79736
60698
11760
21871
25784
2238
63176
48232
62681
28694
47661
23685
25181
91584
29529
1666
82597
43040
37467
19164
11539
84295
18116
38670
34708
91320
780
53957
6968
79737
46331
10276
18155
5688
79663
88472
84685
79240
5040
80792
43258
97816
39794
19638
64891
72006
11195
54862
75544
40421
76528
95468
1090
92465
74981
92280
63714
4229
29497
36284
61374
55692
62953
49292
3086
52539
35462
34379
54187
53571
60623
14289
20466
54798
43304
17619
12024
44859
91608
3298
16578
75317
27386
12056
77578
62190
71253
2559
441
93587
7009
2015
21879
29545
27798
17413
22828
83210
71500
38154
61055
76536
53557
56673
37194
64265
51679
62158
63187
62065
42974
59231
6896
24270
2308
68113
56720
57010
12768
18728
2511
93968
54746
76960
36666
3289
3241
69006
93512
18646
89250
62867
67027
22888
66903
47641
6939
65149
11167
81691
73625
80563
37643
50618
94922
14093
5205
78906
6242
87303
98908
18
98625
78933
80621
9791
62410
1651
30093
62856
84743
77226
73285
19885
53304
88947
16047
7034
61984
93265
37541
43929
61532
92281
57950
27323
13596
55762
30966
5395
32108
31831
50318
75464
35352
6289
50049
59202
96505
31301
54707
67016
18661
20825
20626
42109
74794
59320
49261
11548
86115
72726
19221
68113
20658
20179
74467
56654
36779
71992
81339
90804
35351
46203
31173
59954
79748
3109
76147
83468
87221
35912
8973
17484
31550
1211
14063
19415
84054
62006
50627
15725
35808
17489
11876
39107
95279
49310
8377
5678
18055
46941
2129
37882
11326
44606
6853
20422
82992
42176
8290
46473
56005
44229
9167
10109
87042
22207
85805
24106
78472
51657
97556
25050
64387
84178
90070
92168
77772
67698
65020
73649
49464
33880
59173
79575
87344
40755
41435
62633
3482
1069
93867
21494
53422
85590
27500
7124
76089
32077
99674
46869
91725
36449
66337
91398
62389
93315
94049
51429
70822
32845
24863
94224
10765
9040
86982
18897
52768
39266
80016
1425
75304
38024
89874
24933
25643
65122
39804
43784
44641
26105
22510
50649
72399
23234
3515
91484
65175
65886
12287
342
25145
58468
31454
58691
12392
8755
396
99818
86436
86700
27549
55008
52988
88364
97562
51826
72322
25544
69843
35491
66625
80802
4935
87710
15801
44846
25155
62126
2311
82044
2824
79402
81899
75796
37282
24611
28583
1418
25167
58772
9346
23907
23647
55683
58418
79132
82655
15666
47657
34579
14692
75690
8681
25055
42727
99768
52104
92226
84937
64312
76592
13084
38353
92817
1060
27762
782
89841
81215
68579
94801
36746
38486
10898
84550
56389
17161
37653
54889
1740
60703
60017
76746
54727
70187
70826
13570
40648
97869
48119
38847
7420
69068
92519
39085
56236
13730
40306
12869
22270
84899
37384
13733
27055
5739
76026
20988
56177
99602
99237
92829
31978
55241
46817
74578
54324
69163
33117
71887
6333
36060
62476
83095
73421
80266
16972
52921
91386
74873
37892
33198
63142
31980
26361
52246
50339
16008
54351
84354
62312
70123
81803
89565
30482
891
6494
99486
97773
63862
43365
52257
51909
51906
35061
41804
79891
97546
49170
1295
62444
94252
93874
19260
37359
88308
12035
53106
95162
53790
2751
26657
1680
83536
96598
61047
62217
66683
24561
88027
21984
96403
11071
91494
85374
14949
27918
33821
27880
77573
43330
21089
60765
89654
47289
98127
34244
21805
9002
78347
98260
410
77409
30621
1505
75454
17916
10506
52930
73529
24149
46574
75704
199
58329
55118
64909
34099
76391
9372
45684
4135
64090
2625
40404
62914
93082
73639
75104
66997
23444
83826
90924
11505
30606
30897
86894
5112
37167
50766
87598
42182
56303
80445
28330
38410
4256
77020
88168
15724
25871
83735
8536
39501
99511
7861
83896
91635
24590
67149
16669
65544
96686
15081
70142
11475
54020
33071
734
88310
80356
57727
54731
56498
36255
36516
526
87435
42314
9398
19695
43479
44081
60824
82398
52720
26880
62454
54266
36666
71265
86670
36256
15641
20942
46817
4092
82503
83723
14668
89670
7170
78742
20118
82997
79782
66781
13825
33354
28140
64738
14008
18437
64460
97066
21516
11340
46224
12485
45329
93252
29411
69647
4805
3413
68538
71499
65500
23761
87440
29641
39419
51612
82212
6511
39555
54739
23037
28164
90778
41160
92644
22092
6118
23385
68705
52262
23533
98737
79795
95333
71903
62181
13226
76818
52039
51405
63766
23624
24832
53783
63471
19227
59124
95412
37629
60139
15054
10665
11574
14639
7678
97901
94392
81839
37264
15182
34030
50621
84882
66099
40986
61306
95900
90471
13941
60166
55945
78643
56486
57420
56149
83089
58843
18998
87023
79995
66375
6738
15719
94751
33316
14387
39430
11183
62800
8978
55960
95359
74571
90718
18738
31737
43588
14803
29619
65395
76314
29723
49802
93333
29040
71571
30737
50594
21671
34740
11473
41870
42463
35618
11966
54930
94123
82724
66201
55936
27219
45620
21661
93140
42297
61541
94813
29854
98948
35969
56093
46874
77020
73365
2671
69171
3019
31080
15131
75573
28895
46442
93294
56082
58532
22993
38050
41246
947
2140
59789
94667
14814
60480
14402
40472
95878
27864
55504
17432
76323
59711
71293
60172
66745
40859
87519
29471
41879
31641
98337
41629
70006
61117
45860
10601
91533
44659
56863
97773
21741
45117
25308
66139
27602
24486
75622
64294
53607
2968
34598
75315
9176
63035
73849
40314
71555
86625
86761
9391
76799
23734
87796
7843
17329
20449
63154
90180
15763
41008
94533
77158
85752
50133
56050
56409
51690
92305
86799
86028
13933
72731
55562
56330
51575
51240
90493
77376
41166
21797
43652
43151
36250
53255
36576
99983
93314
25153
34833
38370
60259
21102
51107
42110
3179
52785
6178
73440
20428
6993
79738
3597
62382
50875
63309
62019
42937
50742
47461
51319
5778
51741
88039
99552
93730
32290
276
68904
73601
38934
52906
16644
58906
57569
29428
7689
14088
4006
52540
79724
32898
12364
79776
43487
76587
20441
79261
51110
59898
93645
36975
92654
47174
2257
93783
96414
52190
19493
72485
51603
70991
25213
33566
63219
98635
3914
4862
74472
6180
43610
96709
94598
1426
64135
95332
42985
41659
61723
26679
84358
44305
7206
58141
13670
97114
69880
76635
6185
8788
75899
9157
54181
81390
37326
24806
12602
21544
72495
41216
65156
46520
83749
67701
64148
93704
70191
12456
1657
49367
32690
36385
19060
21628
58915
48710
55758
40527
76039
47165
91864
81684
96433
16699
97795
39324
39606
116
61055
130
95151
47858
67102
43089
88470
98823
49136
98536
44449
39853
77605
65725
39432
41829
17518
16316
93036
38457
12377
52553
20042
65910
94803
22902
17926
52683
10354
19748
71352
32326
85298
10584
38576
63076
10285
95157
91822
26200
49207
43429
64594
53517
40623
19906
323
50971
46390
99855
49971
83328
69968
85192
76947
62815
37877
64125
92749
11552
58618
84081
60952
94551
32801
87334
47333
39789
56836
44082
92405
54772
5816
90062
16060
15069
82353
88384
79176
22700
7029
9851
71653
66114
80212
25851
42394
61031
9261
80299
24779
25242
28132
78310
10002
76004
46869
64004
80461
81157
57854
34469
64347
86046
31928
49988
52329
7760
27591
55900
86049
74940
45799
8574
1807
44133
45506
81178
26299
91028
37623
25734
42459
32153
89885
86644
5189
54814
13646
19921
27011
52949
70143
21574
51701
79532
91819
11063
15847
53853
55826
44444
59698
43982
96097
19477
35491
12979
48455
87928
54858
55374
6134
42116
57841
239
49370
96567
62718
10098
2802
96547
58772
52496
46997
63112
52429
70270
40073
30310
23463
19519
94132
24446
3969
32181
57179
55604
23511
1271
75921
13117
38134
73671
92812
98840
52498
16071
46690
67135
97392
57195
12108
2876
26081
46747
55624
62663
68668
57926
64407
39203
81615
43397
66240
99633
11480
51886
71568
929
25652
96726
54181
68010
24651
45155
89027
34550
39211
46470
57700
99918
3662
29892
62681
14741
75581
73223
12138
67761
75252
7146
44968
84975
1691
40689
71867
86182
62125
9198
26636
55974
65274
27388
12954
33495
4324
24535
69528
57187
4161
79582
63794
42811
15591
94151
67575
8708
58818
20104
22893
18273
49479
98022
31433
51
52884
73002
91418
91526
42363
86683
71994
7225
80440
22105
75952
36618
68036
4796
72914
90683
89140
31786
30542
11816
23351
73160
24428
40185
13402
10151
26781
78442
38324
27677
82861
20758
81277
61891
7133
60195
41403
5617
3997
71296
64113
4134
61337
37192
51223
22760
86185
24423
27356
11003
71575
81301
39593
45863
37962
55523
23326
27847
34342
48107
62206
27452
8964
55461
94365
94655
11669
87297
95271
2268
29832
53413
49100
71836
19251
37337
50094
75388
89904
15120
52567
82246
93577
4171
96920
9072
60616
62173
58170
87422
72991
47490
17193
74370
26254
30018
19714
97868
71271
70509
16192
60304
61021
21612
62873
8803
84153
76123
44911
58451
52806
78984
51921
44137
54670
57009
42130
31462
41757
75685
88753
76345
31782
55464
29350
30317
13962
57622
73065
14495
7270
28990
20810
76959
23745
13642
34213
83979
62680
30391
7324
2343
87662
21405
79183
47696
90283
81897
67611
16699
40271
89173
46712
37314
34717
84208
83887
94143
44723
76045
16077
88339
95892
12167
54268
42997
19911
18261
95382
38717
21273
87849
17720
7568
25482
97625
3842
62675
67839
5119
83976
37566
14100
1678
26215
40077
7063
68479
75967
98332
3778
14717
4176
71769
23244
58499
41083
93096
46704
19341
17067
73054
95670
70423
56016
19697
70170
7382
64084
22613
114
51308
36080
72838
72369
98947
28776
10451
19629
9186
70830
11996
14933
80741
89947
26840
49711
90208
69828
24396
71530
4525
10019
67548
7535
97397
45272
6847
36076
61228
40433
12208
20814
3824
68004
3495
88761
38153
2198
12614
86362
55803
76438
52434
22778
57798
99665
65185
10079
51176
38561
36207
11401
48708
51969
12799
18278
61771
79401
54504
66083
23452
43668
57653
23126
72615
86901
33027
72884
55428
49081
3462
25793
38456
98358
92358
91773
3990
62047
32186
61978
51347
34981
74450
13257
92682
36494
17281
86328
73971
14317
62399
62776
93696
32069
43596
16022
99253
34211
87952
30586
89464
51464
44401
23932
50472
52909
63326
33775
6908
14066
77738
16072
43659
76506
46211
69288
93497
27389
71333
69645
71739
68610
88875
68271
90548
94251
37284
60655
39628
13880
71907
34091
3212
97210
93024
4362
96117
68091
66405
84014
70377
37014
12540
27700
10403
76772
69854
17000
90164
43331
94206
98487
58098
60786
2881
65452
80672
4781
13317
85946
18756
44047
39198
15629
2089
95124
23519
64111
90535
46436
72140
2723
97457
10054
88970
92006
61202
55594
52728
65571
72423
32544
28350
70161
63456
62115
63434
94250
31044
14973
31224
86907
69287
92396
25181
97852
791
83767
92926
13581
62312
23219
76044
24821
79838
35161
98991
75515
64347
23866
82261
18530
79573
34527
42093
72487
9659
67972
83930
35500
27716
587
53208
25393
15218
28624
60094
71315
50233
9651
26268
3844
5134
88404
66908
56610
19940
92059
76875
12008
84425
74677
1125
79192
24565
25490
91605
16240
83749
54583
74782
56075
203
82346
48613
34792
22081
68511
3880
46389
43674
40085
80373
23230
88582
23920
10040
86032
27144
50902
38982
5782
60222
98383
99475
41652
87373
8751
41921
56963
62899
34548
40037
38657
62907
9301
41037
6804
54956
78122
47400
67530
17948
8464
15202
16238
41881
8189
2663
61210
51189
86697
2981
74055
80336
29876
95751
56519
5819
59743
32130
1576
96652
46509
12565
93712
16274
53044
99692
86262
68144
99929
86417
56421
29769
34931
55335
64022
75642
89227
89878
75809
23456
24054
63330
54181
88141
6236
92114
99689
56875
21284
92259
71366
72945
36539
47376
56601
16035
37734
83107
12059
17595
30162
84719
50052
91368
15624
53455
87864
55318
51291
81311
6668
93567
18494
81220
56440
34123
18136
72853
49353
71803
1586
31334
31173
86392
59335
67765
81502
78521
77378
38226
62904
54649
42085
72550
57798
95189
47154
53756
38400
80449
68788
81235
31395
36074
22129
58935
43995
13176
41116
81293
14790
29368
3522
17592
35242
98588
63921
16552
52222
62858
45660
43445
85979
66944
52789
92166
36449
4086
78835
51658
99109
78192
11640
36278
19593
48965
32067
6608
31658
86134
73905
83470
15074
42172
64896
39694
61736
16079
27064
81883
20409
96428
3576
95221
53166
22914
44583
5294
38626
36832
73698
20336
69956
83693
77977
41700
24663
41838
43964
29804
6692
21958
23445
61011
60942
63394
39084
59796
87679
85789
78756
20056
69472
40017
51725
15930
43070
59815
18680
45886
73976
39458
68392
76868
95073
6441
24713
61239
37667
93924
85786
11074
72257
15501
99012
41428
25471
30723
40429
62598
49759
60250
48156
79087
36277
58094
15506
93562
45367
4746
71871
44083
35881
18586
15289
38717
74837
89704
1671
87742
26659
23783
17605
45640
45668
50943
44561
26159
49356
11856
41504
78187
67537
35855
68357
10838
85795
62019
93850
92086
22416
35826
18559
84319
20529
13594
30428
18534
6238
64487
15094
39690
46088
89964
92016
88546
12068
95091
85564
2036
82561
50032
16588
3477
78770
15828
18924
36337
53199
83571
40270
1084
39647
21391
86336
97245
5096
86208
40048
79207
42949
97848
43131
58111
37194
82927
84939
73938
75128
31989
1948
71383
77454
73617
25505
88528
628
33350
48448
76658
69691
5239
88232
6813
38696
46883
95033
54197
46497
56511
71971
84341
56996
97291
82013
75542
60120
67555
93361
82942
10860
56463
96181
11936
56123
9054
61851
12628
5683
53918
72939
10581
85793
23372
8882
90604
52254
10249
68112
16566
75667
8168
85595
98369
58635
59799
96798
24331
27394
69955
53260
76877
12812
65737
79283
20729
62032
97213
38262
40287
45328
97742
75112
61093
23085
24237
9803
55507
35519
73807
34545
21505
8933
35984
9515
88508
12579
30081
13940
22848
42256
4455
80202
66234
689
14730
66794
58765
34988
46128
87317
62110
89076
57757
27199
47411
78367
53535
98782
202
51698
47776
7792
84641
53071
44647
4615
88902
40839
23937
38419
65592
3503
33626
58764
51051
66450
84212
45126
28319
11909
12850
64441
34109
32487
61526
422
17853
70522
2696
17873
98815
50162
25997
22955
42021
76430
97104
64542
51838
12255
79735
43466
86045
48333
19044
54600
65798
61984
60887
12076
28260
98680
79223
95623
8344
41330
16789
10361
90083
96631
32430
12545
44988
82492
71640
2727
45033
75081
41659
19168
46659
30872
35601
63778
1017
42288
23014
2349
22240
64008
74645
29948
15995
52425
6499
40384
75957
51508
98822
74459
86950
13318
80244
95135
25886
28310
60537
45904
32834
19691
82654
33168
51064
28469
80063
12129
80054
7132
84127
95806
98968
29321
14911
9206
11713
25502
49402
97149
41512
88908
34563
41665
22550
53763
61811
90091
24752
86999
70539
41650
36112
28326
16553
235
37151
26732
58179
49164
78570
74771
26531
2230
39245
30043
48802
75407
33395
49210
50429
61994
11075
98571
92580
67019
37189
20181
81324
82128
571
11090
18375
66792
23957
87745
49034
23108
57524
81079
4793
17361
33020
52302
78135
45451
74240
73669
12557
83219
4804
96263
65133
44601
49435
49282
35376
19051
4823
69824
64778
19449
26235
47902
53590
67267
64050
21209
70603
76724
46956
97161
27823
6579
35679
34055
42648
46599
10645
89375
57021
63597
2645
75883
59499
3393
95836
69820
38054
32125
94624
67559
56831
29551
15034
51406
20382
73966
28170
20350
95769
67998
23449
93137
68873
43582
41321
46179
17993
31662
82543
79776
26515
26095
88404
22720
86372
87783
70442
3743
73040
1180
4319
71076
46400
61468
44133
62184
61210
16060
61956
21713
71366
76842
5228
36198
40008
65189
31571
37730
40477
55533
10413
94722
99845
50524
97469
97154
4916
25097
67604
82531
50866
33505
38757
7164
94537
54813
8865
57314
68044
53294
50345
23423
75015
49954
74319
28340
55282
2428
91452
31207
89320
31843
22264
62298
12418
52836
54798
15459
3840
72935
72462
74426
66984
89032
10252
50062
11217
79666
35701
6801
40850
6214
11302
95866
6058
10917
84022
10255
87243
8555
44675
27335
87768
72354
59582
37455
90048
7056
89862
3584
59133
25680
40639
81002
86725
86723
52660
69469
94120
79406
11276
91791
44738
50887
82093
85906
34886
95680
68191
9734
85914
44325
24600
32739
64192
48832
52938
45490
16809
93504
486
11920
6726
21525
86002
54950
11223
18418
14089
32902
1378
3761
74001
88087
56222
26396
31271
49592
20972
96082
29256
96215
86015
92581
68426
74605
19579
88293
40326
58339
65199
49164
49330
47417
39222
37326
51014
67903
58919
13714
98745
27771
27429
6224
70702
20185
85018
94815
57273
4612
70520
68314
34338
37875
74252
64127
92879
45452
289
74094
96056
44190
69952
98530
43220
49331
77056
25448
41054
46924
31884
34074
68446
81194
83804
79155
82524
63376
66648
20527
63241
53079
56432
83173
88873
92744
50762
75953
53413
83243
1448
42841
94835
1731
73560
63234
28531
67556
76840
23551
99048
99605
82728
5100
46836
53680
14887
97773
83537
57233
36321
72633
48882
37441
95362
47811
36587
16414
81166
94862
98061
49631
85884
89803
39035
13250
60037
67001
86447
73228
78101
69622
79379
3746
99644
14614
61012
67472
76240
83446
53237
13671
14866
42402
75162
51178
65513
3484
91875
12505
16696
8878
50251
30940
76003
22961
53469
45816
95695
63576
68189
94631
99407
72667
12044
97111
82562
68300
78706
18588
34233
38426
76024
60414
15848
86213
76460
12057
19906
38148
95774
8765
74504
44821
20212
73791
75860
7372
19593
95750
8381
3480
70121
52779
40150
86694
9366
13075
59477
66981
1985
36462
94840
41493
43354
21247
11996
86110
60206
38850
72960
83696
7585
90290
67095
58155
91297
51782
46832
77312
32126
38101
42374
65128
86520
20980
36408
1095
15321
34968
1351
18868
22512
52220
30105
26183
1269
38143
83662
59085
38905
69905
62914
99046
73831
87419
24261
7507
4390
70430
53317
96980
41612
72587
11588
80542
30963
20229
64373
68542
84917
43027
92905
79250
36232
5262
88006
48564
29710
17695
29633
96577
45959
92452
86992
90048
97231
59582
52866
6602
57156
40987
6366
10250
83161
15514
28437
45786
54176
20684
99504
93717
11606
54151
27149
9823
80154
34688
2924
4787
87557
33088
46797
26778
89014
5055
91181
22511
82792
15302
15786
80871
28325
79398
90438
55619
59179
88179
19861
82821
85307
92026
98983
5002
71814
1274
91289
28568
37716
16097
35293
68863
70242
95042
69906
26330
40036
82856
49761
88235
40436
20556
93052
81003
57778
91139
64693
84626
50497
80693
82065
61114
53987
56844
54619
95285
70705
23007
86636
18172
20066
71766
2866
79810
7512
13933
91493
22089
46351
70634
52280
39973
86300
44232
50982
49952
48993
42773
71277
9184
55334
81695
29156
66991
81085
35225
50379
53020
90721
20855
81623
40253
80627
11061
95743
61779
36153
39886
56622
93535
66109
86489
6034
15801
44663
90090
28408
51862
15276
23773
63629
82840
90951
41056
8294
53307
48322
73447
26066
42858
94191
56733
66872
24352
92788
91903
82758
40510
98154
43411
24331
38867
57493
91214
63656
90868
45055
29659
61519
79947
70351
77463
56987
94487
88194
42467
86178
75856
74375
33323
21559
28564
21941
45936
58635
82015
99685
14516
61364
44110
99953
6413
91501
43672
87178
96955
67798
65858
41717
87736
98894
16951
56549
12372
15591
98827
67937
9513
99834
91885
75943
17259
69395
38415
20123
80495
76263
19461
34864
86505
22896
77488
18005
19285
1520
7832
37259
49643
84442
66186
82297
72096
17164
23766
7577
41569
79643
69081
18947
85485
20205
2319
60354
83294
13254
79557
55022
20126
59477
15098
82088
89106
1161
63039
83555
19442
91807
74789
51500
31362
77964
60644
92557
20292
71911
744
97974
71465
90567
88222
19350
86476
31761
36478
47534
81272
23194
43042
90450
68711
60378
18152
96675
90474
58702
62916
49177
47672
37898
71629
25110
4675
35683
91618
24853
9677
73307
68313
60006
40440
55836
46862
43641
83440
37088
63612
29042
10711
96969
41273
25153
80521
69361
34937
58941
26132
50137
43712
52924
12270
41296
35774
23716
66780
87229
90516
30322
9026
80732
8930
58849
3658
80981
80600
68512
78455
56505
81609
14190
21493
57294
91050
63391
82275
37801
66151
6102
27220
60798
25741
70495
91366
269
31061
35979
83024
54120
48081
29607
98963
11893
71193
59690
39465
73838
33086
23320
42786
43843
82043
21881
32245
46336
56395
21219
84220
93352
19210
31230
9866
79835
63043
36483
41075
83051
98935
60500
87429
10624
97645
92683
62931
8337
37334
95769
61929
9759
99019
91437
68543
93185
25998
34783
41828
68983
39667
26773
46135
63106
66509
16406
43360
27948
59084
11236
43574
84664
39939
98750
16282
7908
77113
11601
93700
86353
36797
25337
89207
84234
2907
18338
71806
86221
78392
55092
88319
18221
80057
82290
27700
92685
26281
89596
57143
24886
63980
37082
19228
44836
32183
78625
40741
95422
49575
13276
34184
13765
48436
82045
18375
73747
95912
96917
45639
32404
72623
64264
19376
52919
49864
72409
65221
73691
87973
64392
54668
377
62535
98890
14678
3804
1141
77935
36629
46951
87067
81921
32901
26240
54809
73612
61089
10960
26482
52116
45711
81771
77489
44047
10503
23754
98424
77424
84326
88669
81861
55059
60124
95312
85724
61002
23693
79595
487
37129
71483
35701
7890
44540
2473
21856
7559
626
48619
15675
29808
67886
320
78098
88505
59621
52733
41743
92898
94412
71477
19674
58848
60506
13048
72788
61554
75014
87523
83986
35159
49241
59855
37977
64292
71050
90104
7685
990
27615
31756
98480
93041
65503
90117
39692
26074
82401
7713
81037
96840
46808
44899
56606
31560
97634
15430
57680
25246
57466
82938
28461
66332
95250
46377
16915
29119
93686
40562
27053
85497
53162
17101
82523
38344
88011
74192
73903
23330
17847
65271
84854
93763
14905
8386
83418
33032
41262
85651
8794
29265
67418
76233
62531
79062
9633
56001
22161
66929
86603
15711
48113
61600
36961
63462
15060
77112
72901
38748
64620
89007
9355
92362
23912
60103
15516
31064
33632
79408
83098
8207
53994
12468
12201
46555
69985
28559
76400
3114
5231
87087
95502
67307
52595
23042
81902
22987
80258
17061
38073
60590
75481
33991
63506
90301
22558
70969
84664
50759
76594
56330
44665
10179
71123
77956
13074
83375
65466
58491
67748
69935
29773
35586
7624
63682
56123
83236
74522
5857
64111
36798
56592
75467
73775
41650
68934
12246
54514
96614
78831
66977
73240
64195
47047
46226
86419
35743
41402
33098
27857
34952
55000
23559
92865
85669
31497
94263
21454
21996
32482
28774
87386
38425
20604
76343
50824
21161
73315
4845
51121
91739
41273
84607
48855
83416
46047
21705
13149
71421
70133
89515
20259
5702
84715
37438
36474
77437
64338
85318
56970
27407
23392
44872
62942
75765
4349
27650
29530
99903
88880
3311
39319
71935
98973
99977
11956
13349
54995
35420
50996
59969
10822
55697
83384
74407
38506
97096
89522
2460
37492
70536
96511
88596
84374
52368
62009
42261
12071
936
55787
90958
7676
52285
59537
79602
359
38478
47929
97023
16175
68428
35664
6388
75922
90961
55226
88628
92744
55307
33680
24188
18756
68575
38537
22311
34573
39508
54357
85431
6757
82377
77951
52189
58276
45950
66578
15880
72078
93015
63427
37749
86408
66741
70149
93606
12252
5288
25607
42814
50324
45283
39410
12941
82249
38933
13079
7609
36097
2929
40602
70181
97900
62061
21418
53024
45413
95143
30469
70764
68298
71671
12570
9994
11750
70847
5272
35609
52717
26082
57307
71055
33561
20398
43512
32857
74745
21436
58934
47609
77267
38141
15186
10367
3952
7370
36223
21727
79225
48266
10135
7019
30270
2992
83612
68588
99671
226
22814
4178
42605
26617
50022
68450
18105
60548
22395
64441
31316
65524
5285
33083
4036
91198
33817
81735
97558
63521
73632
98065
99463
47082
11273
85421
51137
7894
49427
1901
20104
84160
8178
1903
20193
402
84034
67846
97467
51248
80393
8028
51703
6836
60616
24033
3771
81291
93073
92242
6085
42451
31420
77914
67020
96069
93330
45223
10849
68155
5647
15212
73885
45852
86961
11721
83622
1900
99638
69652
2819
27120
7552
75913
92338
56617
80404
97898
56052
80288
37060
66665
23341
534
39776
7594
1876
9588
35626
52350
11053
66024
67899
11343
28583
15947
34424
14243
87397
10425
26919
15389
9761
90751
48914
85430
82971
60005
44456
14073
69675
28484
45008
84719
26539
86917
86260
57517
68390
51016
23704
54131
21656
38092
58375
78958
32721
12054
91713
86830
44698
19714
96451
22091
36656
28277
3419
38128
36530
55192
9880
23416
19634
29681
57094
26315
149
25113
531
17308
86259
27241
98108
43664
63175
7224
82648
77033
29887
80856
25977
89392
17706
46485
91633
17954
12121
13494
28333
21235
20918
59175
26165
98398
17107
41855
85348
13918
90275
94322
31760
78539
47413
77626
43579
35473
11275
77897
64006
54643
62699
2668
25917
68948
26344
68844
32304
5303
2464
44865
38997
1811
14956
29379
42631
14469
81944
90481
81652
89364
76808
82752
37679
21247
40837
47264
22764
40214
61975
11677
45842
56217
17002
15978
791
63184
58649
24861
68207
5856
26072
78206
94502
46103
42165
26151
80765
6308
22990
59652
97126
69165
96098
12551
17161
87200
43504
53773
46946
84400
6421
63599
56506
41080
12404
44879
57859
59863
74641
69833
37870
76727
28814
38964
87381
96829
31374
26710
19517
75181
99709
9291
9920
67419
76504
41066
61587
364
13218
38479
75034
88931
49067
22910
62944
15113
35343
71055
98960
56106
40253
63637
56584
24053
50157
51939
68318
35275
86437
17893
63874
89262
2319
25908
115
65707
41044
2185
51072
24352
78234
50826
24553
39770
58022
77450
14512
58615
57850
57996
14082
55864
31026
50939
79113
97733
54763
23795
63024
21409
73013
24564
68691
22804
52797
33264
94423
88793
88429
5028
11659
84405
41919
49258
57566
25606
22392
68649
71494
10297
59108
83455
42750
52935
40626
43884
53891
43566
70048
97114
17362
33076
78061
66679
25344
68375
65276
26797
16054
87596
40950
73172
92680
66818
41736
34938
20094
79233
98399
48863
51459
53891
3741
13218
65088
92864
79861
32443
37286
56689
82280
87875
8645
95431
9273
76528
59357
45423
74868
15348
84749
97155
93532
51020
67008
98808
25426
47352
18414
66765
9451
43748
68014
65149
64662
6537
52163
58785
90226
48555
82781
68992
32660
8722
54824
66604
72281
19292
97901
3461
62342
20488
32884
70388
49589
58154
88542
12248
62413
81297
30554
38089
80161
11853
43658
48866
50708
74410
85065
95444
70633
90608
14901
16565
35214
27645
48484
27194
72738
3989
41707
18410
98602
32420
73938
20145
90025
49058
89997
48964
89848
39492
70700
7157
33111
1401
69798
95447
13933
37801
13233
9705
16527
43827
32467
98725
4332
93050
13297
91574
95913
55601
24787
86439
98176
67760
72596
93779
16029
59342
83515
45552
77940
72268
2719
88672
89392
1578
27236
41972
46529
59713
84982
59392
85542
7886
89980
25317
26438
56298
91692
97289
73599
5441
10091
8584
20637
81556
4035
85824
62094
30816
69584
34385
34791
1785
48164
93404
47802
18477
83399
31576
19321
91329
42021
33992
70354
76186
53696
35419
49159
13813
46897
39648
44225
30775
34059
67501
298
26469
10780
49671
61156
84728
29424
63768
31695
22062
48791
12707
26146
54459
14230
23456
41677
27559
39259
28715
25340
43884
33601
22174
4271
52280
38548
37137
87030
91626
50153
35243
49690
26520
28183
27129
48809
9192
93671
51669
9776
77309
41592
42294
6715
77698
92874
85774
56518
94062
4707
20647
57959
55788
13315
14830
15082
28654
62327
74515
57386
9681
82509
75318
42470
95570
81914
11449
90399
31938
25104
13918
95635
18063
13401
71400
84631
93372
8560
76925
22449
76773
43996
14437
97509
53310
66291
1741
83087
25763
23288
26866
15819
91740
19130
35116
97789
96246
22438
14783
37709
33654
27366
5972
25514
84040
24317
67253
6628
6000
35864
34732
40105
529
57814
43417
90109
4063
18337
70633
7511
95690
59045
63303
27819
45832
24465
24405
521
62055
2785
45546
55524
19858
80990
21914
81307
19985
74128
5193
66475
2794
20244
71959
16616
19321
4062
84287
72023
63388
23434
73161
81554
70533
19091
89087
84141
53171
32313
32719
74284
523
92127
11248
80268
55556
69373
78578
46059
3010
27256
2107
23526
24968
33296
21430
17761
54648
78895
97924
23061
84921
34059
75207
46773
94030
80041
62190
97048
45212
78977
1227
92824
16071
50217
88323
41076
33576
28174
8881
680
43453
33879
21963
4879
57716
25549
15627
98318
67449
42869
90256
11498
78285
28980
82193
37534
86743
98615
20210
2168
50603
88804
19369
53444
28161
25226
14796
22543
99290
5606
75012
48048
23174
90519
57539
89698
41094
65844
68508
5345
82924
86853
31519
30234
70579
21526
15907
93337
53389
61254
83394
37809
79594
50940
92281
36796
95033
15794
13379
39250
74550
71528
37145
49818
41503
61632
85624
80650
4547
6779
82228
80409
32313
37861
38387
93726
43429
26498
6943
24506
27360
1899
58911
64402
13489
37383
75952
4259
97332
4397
16795
97266
63419
29739
93861
60110
43444
99224
43797
65452
31185
54817
64412
81231
53062
47472
84748
50740
62968
93590
34471
15525
20326
71333
16619
78283
91073
10525
95680
16397
87412
24060
1203
40274
65280
33459
25106
20867
61658
95601
48453
26112
9672
96057
45247
28850
2588
94976
35435
57261
81269
36493
34661
17098
51409
54543
7265
54907
5538
22707
57652
47634
83390
39352
11410
54519
79815
67864
98554
97715
95086
45543
81292
15038
37711
77588
11963
53475
66124
9431
65303
23000
12209
54887
1753
55050
233
62589
22484
53974
79444
36577
69016
14074
39974
77705
61504
57613
35082
67415
16280
77104
46071
21384
17488
55853
94010
62141
41052
47846
56937
30387
3328
68180
52249
4804
25358
81176
96421
44398
44036
59818
64912
36196
21352
35500
85638
12279
34579
78458
75992
87557
12358
71578
38493
24042
75154
46817
82794
40745
71479
25164
86887
28488
21410
44197
84187
53996
93935
92277
27192
67337
9542
12419
49279
76619
80418
47600
87814
43722
86989
80819
78688
38380
67691
90824
69293
37014
78937
93604
38827
6350
76169
88365
85382
6554
41745
74204
18195
29876
8312
88065
48951
89268
17384
96905
13475
55827
62114
95643
87989
38432
99740
97851
3078
59434
90160
49633
3583
66802
69057
640
88227
65460
49961
76726
32502
76303
41145
51356
92248
99347
24343
38752
74012
41265
65970
52265
28670
2563
76919
73953
53514
23644
37458
35542
43699
58673
40344
44151
63332
25176
52116
73488
52515
32522
24959
92985
14689
34094
44259
3756
3274
36294
90691
19080
45456
56662
6565
74778
59451
90259
20404
76388
35826
82581
65445
57842
95317
72788
71277
32832
29889
37535
12819
71967
94923
28099
3915
19188
69155
3744
57847
43099
27699
87542
39101
45704
69753
65842
9409
73538
84781
22448
222
58464
59385
83843
49342
96828
39067
517
86996
46018
35365
62876
90458
28383
74255
95123
34886
56290
80652
38318
85975
80001
2646
82674
88271
13119
39602
83729
63500
43066
68044
87710
66770
17153
47176
89535
25188
37968
19109
63914
58066
30941
51832
32437
99949
21036
21292
893
94499
66258
33324
44267
32867
43000
61588
48812
36632
84607
9223
82198
20598
46996
1409
75442
2365
49321
40390
71691
36823
72435
3259
94821
50837
40606
47142
1474
84983
59295
22511
60746
14079
68892
19005
51267
7578
56664
40262
80921
47878
75102
81554
52154
33443
85775
61655
10061
26051
61417
7737
66867
12308
99282
7222
2346
17986
84761
52204
93528
11291
20456
2788
91942
95574
32863
95849
92475
16545
9538
45139
70025
57346
62674
85549
38763
30518
47983
92926
31784
95510
90958
23396
46336
20188
6383
40391
93077
11581
72150
46293
31048
95761
81156
73653
3410
5062
31013
14028
66738
59800
95130
43304
12449
77209
62729
22659
52864
3782
82512
71871
13721
76625
67008
87220
70840
10386
45241
89105
77400
48517
88741
59941
58232
68367
31973
71597
4647
76750
24709
1372
32605
1669
91190
56005
7293
48365
57667
91384
26861
9022
85300
89171
45880
87684
23339
88003
22005
1755
58881
37431
1850
32110
54770
35726
87323
80501
65994
92206
86234
74108
76510
83032
92615
88823
64444
63353
52580
98658
96820
78621
21323
48254
71834
7215
58144
61525
6294
10726
68872
810
31380
98541
20634
27752
82416
96620
45651
16115
91128
2495
83487
38273
4540
22736
45300
58770
22107
69385
16074
86520
28582
99999
45789
70900
34046
13572
77046
46958
10406
71160
78009
64590
60092
95689
21976
61949
159
6606
78367
56104
4968
94025
61426
60660
60428
63256
5361
86191
64984
95630
10595
62694
96608
26897
75876
81322
53762
15554
2488
44523
87780
88442
1303
80510
51478
89471
57565
75413
58481
35323
19285
69012
66604
59384
32393
6276
99711
22857
2901
69718
43175
37280
89054
27814
40695
29292
68922
67846
75548
34522
19803
21887
53496
4612
48237
63914
39151
71753
88677
71616
42256
20698
89980
51568
73075
92973
38913
18075
36665
34382
76396
9736
86403
85691
51694
81479
22635
92151
46896
37778
61311
96636
81659
61891
1270
87794
81777
84078
32950
48000
53750
7468
35586
59690
53830
50308
46055
97533
91849
81006
11840
39820
79657
37293
73104
51006
30624
43950
53051
52160
487
68281
60690
10739
68739
65303
41296
71406
57806
72668
27654
18216
83580
59798
61222
31995
74471
83944
23332
64036
55190
39428
76688
30551
75849
62118
1224
31859
23219
19143
35418
6886
48592
19556
22867
58299
36128
40286
64088
43962
13312
21843
62242
85504
85960
83957
81388
51185
23672
70847
51576
65529
60267
1028
44641
22326
9793
68139
15249
93613
14940
89291
90926
12285
43962
69020
53487
6251
17233
99672
41155
31982
23127
40410
4086
81185
60719
64110
52247
32905
98364
49842
24578
59417
67923
32251
57042
85360
78383
38493
64564
91052
44934
94190
12651
27567
78652
88797
66068
63087
27717
56416
33854
52451
54207
22647
12974
63620
13601
76534
62575
50349
40522
83293
56618
68833
17834
6359
41737
24424
84600
13931
95440
39374
18036
47333
25052
85966
41299
60152
80878
13504
44759
33873
17584
33588
23833
14863
37978
43654
96833
13406
14173
97447
99644
61034
67981
81766
4513
74777
88069
84184
17243
47102
16273
26212
76538
82621
78285
6161
14184
30583
59895
29262
90187
54333
29749
10673
31458
66104
35627
76115
48197
65982
47299
90440
80556
4525
13567
17001
46053
46817
36951
32772
36968
12542
18142
62237
98620
88512
84992
25177
89211
26932
93767
39517
50867
39734
86520
81457
86526
28470
3933
86053
48958
28441
69721
85444
31782
71855
69214
67843
21908
11795
70321
48774
33162
12112
68223
67358
47894
37117
73845
79632
32652
78563
81078
38314
89279
90232
90525
37656
18067
36254
47780
74234
93192
84470
37523
41717
29326
71636
20077
17956
3934
65831
47008
61532
28216
24697
66133
89614
80252
486
29141
17945
15431
46856
93581
21512
97484
27155
26623
57736
8719
58257
75822
75764
98177
32682
19132
55513
16352
56378
93179
53950
85529
1723
78388
35848
34291
71689
59510
2006
38125
97382
12746
61244
310
13297
39020
72359
52957
17392
32086
16603
94171
35129
96427
87292
66166
88731
98032
1586
36498
52579
50633
52860
29233
4822
66639
89042
84677
4363
49254
24058
97690
53948
63092
97633
27097
29352
8091
94462
87276
60349
27474
76839
38721
37867
17825
6601
69210
97581
31843
13862
8740
21102
17960
50699
97330
21511
29796
47748
14703
10627
36357
48277
81220
50028
29137
10571
36252
6655
25647
29812
42215
69221
34192
38923
4877
21846
58995
48540
93855
66182
44617
30820
80773
85366
78208
10443
4431
71758
54240
71256
85691
92192
97970
27051
55823
65259
42779
83613
88870
62669
61059
13824
84006
58182
72771
99135
47823
30129
43167
2269
13940
97497
2052
90786
37512
47106
32134
55145
70247
46233
16733
48891
56582
19009
61292
14942
29859
77772
3061
90370
73508
87850
68935
63510
47497
3932
6753
51671
73994
48411
96707
28867
48433
81440
97300
77415
30321
12287
46690
8340
89511
72334
125
55022
12240
6080
8557
16600
63627
57910
74058
66147
26083
92919
91183
62807
40915
81446
11688
190
9724
62853
89979
98264
41404
16516
88995
18925
97440
1930
33398
83601
96701
15859
24611
37727
64057
6027
21490
78434
70835
65944
94314
32417
46389
21479
13858
67074
69651
6066
76032
23369
91355
88597
69636
63886
13018
680
43644
77411
18997
69739
12033
58112
12504
38047
53834
39241
1762
79466
75199
76892
49165
81705
81030
55074
50683
42074
25430
62738
43698
46295
70293
70547
28629
32707
68622
1441
27342
43193
59036
16658
73966
1653
15767
25073
56721
41980
45944
5675
80939
25343
29070
20085
94649
5126
69944
7313
33543
47506
9546
39418
33621
15346
39869
26367
72986
29175
6106
6537
13539
25878
9975
97686
14402
47892
94916
84102
6865
21627
55315
55404
31214
42188
56072
22872
4350
20731
78422
74424
44931
32842
24992
76822
96340
20537
40733
86657
11570
83453
72339
93631
41766
94669
23830
45767
21295
92550
34799
56401
75130
79073
3100
75450
10530
81244
45428
4115
81785
93347
27153
11233
76311
81418
56866
87843
86035
78017
47248
89186
85020
17493
66135
40046
64189
89098
15234
31306
64400
16672
24807
13547
30774
47602
92798
28832
94439
33656
8521
94000
82141
8569
58087
3506
52136
82039
34583
52052
46448
43092
41723
75566
44610
16372
27408
40518
32847
57582
16241
94013
89858
88429
46189
4011
64905
3369
25754
62909
75831
22568
71574
8890
43758
62182
41706
40602
32242
75844
80435
20472
94519
70217
60515
3376
20550
88709
44131
91841
73077
92222
67593
57678
54471
54466
36768
23813
22280
48194
17268
59812
35899
85125
942
91959
99903
74986
74283
85161
1725
22107
51811
72998
48286
86245
28411
37058
77298
68700
88305
46323
94067
493
3172
81978
75728
83396
30824
39682
31603
61210
22290
52951
59296
85532
90986
63703
82400
26562
66407
50871
69957
39528
3590
2503
90804
32615
13739
30758
50291
19452
66212
31939
88271
76189
90637
93485
76787
85159
81614
57277
92408
50235
56895
63862
41637
62442
20380
29646
22642
85166
64268
47074
13265
52450
30366
82393
70153
85074
99889
94512
67018
50628
9423
48572
32053
18251
99445
40807
74980
99391
27390
99754
57850
55319
3730
46756
95960
32336
14186
28021
22271
24680
35010
61901
9861
94716
96001
41506
84399
55826
58575
6342
298
69408
48636
93043
94207
88268
84561
22026
95452
72980
626
93221
23690
29966
3797
46172
45137
98958
80586
71114
35021
70981
1615
42540
20819
77596
13437
27188
3347
50000
68622
7157
286
52893
34660
47066
62779
12157
64721
39535
97941
19020
71312
66168
86331
87687
28258
10345
8613
55595
53541
50848
44257
86874
62029
26361
37246
21450
9908
6064
6144
50408
74845
90364
89793
42013
92991
66091
86163
94648
44328
32460
23347
80182
12772
52357
37312
68916
57478
18029
47111
90040
24470
88291
17676
95616
49894
93147
86873
77013
46929
21990
89206
96927
71242
43912
80969
50127
81499
60500
21463
12245
67123
42227
82838
6648
51150
54821
24832
60170
11114
88530
5574
50787
74200
37449
32946
52763
45497
58567
42208
65052
63601
84471
13754
83220
18426
67809
94223
34285
9811
89447
42095
96940
4895
43423
38563
24578
96294
12170
58044
95170
1097
84011
59881
5913
13821
95143
88637
37766
34255
40156
68241
53349
16630
47504
22210
80297
23425
56898
54934
74572
68150
10072
86692
83641
96662
54597
71893
84403
51983
21612
66347
14167
39615
58563
86390
38210
88839
40447
10371
22585
72763
40760
1479
51417
94138
33603
5787
74965
59439
85578
31879
52249
18928
97616
442
49193
16022
22445
249
47519
23908
40086
69300
80362
25383
19396
52035
18849
2215
4035
7686
67072
70923
39782
1810
31860
67001
3411
67618
82375
84065
53914
88414
57464
45028
56147
13773
18241
86149
93158
94834
91572
5935
54001
16413
46535
1407
24708
21082
74389
60739
33785
78643
75860
67515
87782
94205
84004
84026
51858
85257
60223
45766
26832
67827
98055
62515
68704
17080
48453
71270
47773
23660
11597
82450
68088
73597
9011
70616
95288
48823
6691
34606
25854
23371
26899
90125
2549
1000
5334
36217
35031
58512
14940
15917
29008
91465
58948
6212
99277
24733
62881
82874
80473
77223
63702
867
4109
30591
30558
56050
24308
80794
30425
69121
24254
81857
1977
25375
85555
76167
35083
17487
19570
17539
70008
75089
5559
75721
22927
84689
89859
32337
35967
55987
10630
77536
3497
5554
6876
61952
36005
8716
32144
8010
62958
99821
84727
42019
85475
20177
20652
77421
89666
64934
30650
58283
58343
1002
25255
30009
59652
90340
91564
26552
76829
59192
94372
46774
62488
91997
72482
39997
28600
23315
50227
56668
64521
75950
52369
73334
24154
53392
10400
65876
79342
27194
48139
2872
49345
11413
68080
47025
75792
15971
77948
82154
71655
71814
83231
98613
57383
92778
18161
48975
38122
94782
93907
47371
49477
11040
68434
97432
76351
39849
32799
19042
56756
95173
60320
27093
40939
55646
74323
68859
22712
80724
86104
27680
55578
76105
1516
59582
19195
14764
23164
21337
69335
51586
14637
83197
8451
78392
69720
51062
39338
37069
80864
43338
76897
36346
7177
39004
72015
45285
92591
42633
52843
6915
80904
78534
58018
94355
44717
74324
79599
2395
95646
8143
58931
5663
69639
4619
57127
91468
54655
71624
86778
38247
8917
88727
80940
54849
44420
72286
23749
35585
82662
67977
70202
10824
75485
29104
87113
58242
97207
36325
61615
42962
6553
50800
78967
22434
78324
8592
34000
87587
71630
86714
42279
38880
82661
41431
49793
87991
27398
22817
61191
24361
2560
78669
3759
23122
13824
58870
71333
28430
94353
15502
2650
15156
58174
33402
6633
30219
37595
32115
25563
41060
15405
53677
82249
62201
93436
19266
38488
74298
30066
47460
80156
58584
98028
12321
39007
85762
31447
36127
11736
36942
364
60375
75215
19520
94664
55663
33667
59122
2469
3110
53852
83436
72645
470
24325
91329
37431
8178
44293
3348
17458
79415
75889
84635
91371
27179
79050
54805
46085
7100
37756
76582
63177
53310
72840
92132
63069
87329
16434
83642
42180
56592
48519
5801
45207
79240
48223
22171
29936
86319
3560
96016
94563
40005
74649
99374
86998
33417
26452
66507
48352
44987
8435
11316
64981
24860
5974
99521
89535
68322
39994
40616
41709
1773
7553
37567
66415
46829
13534
99323
6251
41457
16993
22597
58008
71273
79370
97075
38230
52222
57180
79033
47465
17898
93992
6098
75897
64904
2642
48225
7197
2144
41682
37618
62782
83398
17490
37854
13735
35620
84055
24894
69601
94459
79074
49211
2433
15388
74066
24049
54532
87
55074
51830
22603
25576
63405
70069
48724
44311
13867
65945
83511
60197
8433
16116
68908
34474
9132
9227
23262
35655
7360
69315
82736
50075
70680
35620
96689
31864
46375
81417
18105
63981
97675
71873
12641
1104
80930
347
39856
94405
34087
19572
64618
23225
70669
18655
79088
67736
83644
27273
87142
96194
22641
53282
23241
58172
80306
4602
68670
39345
10627
74564
2680
11807
9889
54567
41375
32750
44207
91477
82461
31007
41628
59226
28257
82289
12283
70550
3586
85942
55340
42251
3383
46719
66266
57671
10556
90471
58493
51318
36091
65377
84784
4579
6865
15157
15761
46023
60416
45445
19364
56685
70920
18815
70933
52999
40727
18789
75695
29168
8075
46489
30174
29377
13069
97890
7965
47247
97068
71555
44185
2649
33724
50359
43535
57633
41251
34195
16922
3546
96929
23864
17272
71856
80437
29784
44670
10841
89850
28859
54472
27876
77011
52336
99583
82721
81449
93686
87327
5236
39141
91734
25712
14364
69325
65062
63553
46812
25083
16651
75637
27665
8048
10428
37116
13496
38943
91929
92620
77351
15216
79011
7149
98273
566
47367
97679
69848
56861
90302
66775
52757
11002
72783
21506
11672
84374
34984
45283
51947
96531
78983
98576
35324
41671
60716
87052
76802
86275
88104
77443
89712
99562
25373
51090
24138
23596
93037
74044
51803
82905
80797
4474
9000
93696
30167
6315
75048
90567
73469
23061
14051
67777
91104
16332
55946
8767
35485
55542
33375
5713
7704
30993
25615
70742
66927
73528
51430
6196
27486
58938
15771
80219
97525
44877
33868
21390
53382
20115
77245
2494
56751
36838
31038
51614
58063
96371
3440
11921
16500
14982
19373
38453
87253
87447
22845
95006
73992
62006
81092
42421
7970
28822
26542
17284
19425
65549
44418
68128
39323
91185
35598
6550
72492
59163
23209
31368
78308
65567
82533
60419
32803
48180
72302
12929
3278
82963
24419
81363
81936
34345
12755
11370
39612
56293
23854
76477
26626
57372
95454
72550
34890
22853
15919
4674
80764
30956
50191
61661
27621
12573
85036
99134
20375
8011
94875
37668
77486
21030
65781
75890
21878
8368
88382
24551
45197
26511
15145
48551
70464
64359
537
9879
10700
7728
6578
58696
85099
55947
41712
32675
28265
66527
33789
98374
73791
62237
56841
86302
31068
45304
84993
57569
41562
66902
78816
97724
48377
21820
49051
54435
77974
23970
38262
97132
4505
26805
32268
55399
81989
80862
70924
917
49216
77114
53309
17496
16210
65521
21663
89586
7296
78185
94058
3144
21648
31999
15929
51427
80118
41255
7347
94678
32436
807
75001
50471
35041
53641
42916
19264
22318
66041
41955
39521
95761
30630
6498
91212
90692
63028
35461
30364
18209
46693
74072
99247
80587
87343
81612
45376
13942
71698
919
8493
6894
41362
74690
67004
95104
26891
69165
77966
55974
58674
35634
19237
81639
38323
73063
53244
36121
10442
77319
23386
9592
56894
28299
36118
77448
84457
70147
40820
83274
42898
81641
57122
33905
55111
52697
96083
14897
5912
29454
90564
8840
80828
2982
19132
5686
25555
20475
58561
85252
46219
39943
5284
61101
56709
73344
69413
29159
10590
92316
33630
55472
76925
47607
39050
76536
78422
15491
7117
52776
29751
79391
74428
90
17597
47480
6471
42828
24867
4365
76091
94302
22067
94018
4392
39667
7413
85364
57989
74032
21861
21187
55559
77301
89837
66908
33209
75945
81575
99605
57416
70553
15074
29045
16293
67714
93303
15681
9714
81358
72631
76513
11847
1264
80684
25287
97659
80341
95081
11116
68534
11675
2435
48166
86867
4881
88640
79694
7247
95080
13555
73848
44191
42356
89100
93785
36392
15368
68424
41087
70027
53852
19733
55114
21668
81110
74175
4629
41233
97106
88219
99057
6630
54599
92007
55404
19993
94755
37759
74679
99724
26501
14362
71876
2732
88603
97104
85308
22840
97977
6132
98147
96958
43391
93877
29388
53254
7292
88480
88036
57356
24412
5788
80526
99997
10373
18770
12510
12216
17630
91545
12005
23116
94488
87270
17170
57923
1453
97710
88599
82804
79742
48271
70463
68978
98626
83868
51044
43040
7649
2463
92274
30654
33389
81931
90151
72937
22659
29602
68538
49592
17905
33374
84667
26859
57182
70903
30227
160
42414
59319
79970
57214
56923
26605
2445
82674
13691
33923
87831
82601
19410
11428
98646
69015
31939
1118
73225
4097
76809
33892
18035
38904
98129
71232
67955
58807
96385
57913
17223
31601
71217
58164
46240
40957
87396
63304
969
95041
98731
51792
67320
5402
87204
18218
11118
81191
86003
70573
50795
66292
27201
78688
68917
98201
20449
59847
41279
5086
96869
51817
56281
59720
34867
59662
2309
62440
88629
56015
78712
82521
92944
15440
49894
82265
66827
56217
45574
65667
50925
51885
3393
3766
95827
10024
43531
65901
757
80097
74492
55103
18502
15736
50497
87000
2303
53809
25556
41492
29778
51648
9374
96942
82996
83116
54802
22801
59412
66261
60053
47912
50289
32917
80369
27898
40230
98507
47084
19713
9811
79627
7438
99214
58285
80616
3551
3952
73593
6852
43178
54598
41438
72550
35682
4780
67534
15671
72973
70249
53476
44202
59219
60224
46429
63472
17070
88896
68153
69921
57817
26085
24713
22625
87793
22727
86475
98633
75469
2902
93847
42624
25693
61094
51030
45142
69406
65659
38556
88046
51008
85735
94402
58517
31745
39727
84681
24885
39949
40152
10400
84880
7414
26275
1549
54557
29049
2704
94364
50011
59071
77752
29716
71271
18139
23584
69878
97424
17539
84737
56010
54744
76613
55898
9369
61831
44245
29975
39792
82197
1265
49507
4655
88560
632
15031
49008
52765
77169
4811
87416
75942
95075
81256
61187
97392
11030
50664
11655
13958
57498
20650
21218
99753
32509
81356
52036
33619
40009
44590
78420
24650
23805
39434
90303
47554
39626
93468
53377
38820
4361
28586
80555
31641
52763
37093
32466
9682
64314
1420
1378
8452
51425
48104
22533
95108
46085
50104
69565
26515
32968
79503
83743
7371
7343
75129
28135
64242
75509
55205
18126
9023
59530
42108
93503
76274
69229
97893
51947
51931
32087
67545
88404
53743
84341
456
49529
41773
18449
54568
24421
80666
65875
48044
37900
35810
70087
49116
41935
73825
19683
20933
35936
20280
85664
82003
74889
85673
78085
76002
50709
9177
81080
81485
26948
37804
56916
1339
55380
77189
45065
49701
59250
16087
16217
91265
2846
98541
76772
30603
12021
18560
51416
74205
45917
49686
14524
93900
65781
38621
65182
8823
54492
96334
77161
42045
26051
91000
9629
62110
82745
50764
70713
12777
9972
71724
89536
2471
40342
52093
16875
13683
90951
37384
30615
60824
34508
47175
59256
59673
67210
85424
6751
27340
60955
3062
83985
42603
64038
47334
76628
75318
20275
38154
63071
32366
14266
37924
37680
94806
29053
31897
87540
70464
82673
43294
83169
1746
98003
33899
21516
75565
42582
14828
30330
53729
10207
108
21378
99027
6456
9504
26736
18616
30320
36250
99190
10085
20384
96527
75637
57181
18201
39126
64497
45665
85539
29345
367
73715
38193
28080
10753
64120
35082
81122
4816
82469
87159
4309
37458
92505
43355
16376
2174
47650
54466
92180
30749
74794
8443
56185
56165
36795
84476
8805
1586
1530
86363
40381
61845
77282
26195
18580
22350
11288
88398
20472
77610
26388
95407
17426
56709
10153
99387
43413
15441
81402
493
87791
94809
95462
85361
1722
21570
26173
44064
81599
39042
10428
56255
23317
85382
68447
4614
93770
84920
65997
87877
31890
68167
60564
23118
90819
59726
26023
55823
50090
66934
54454
21128
9648
2499
28153
58584
22595
81117
85795
42042
68063
31606
41291
78528
3738
50015
22553
54811
68667
71939
92385
16767
13776
89753
80892
15583
31983
7351
91693
46611
51514
23179
15941
39581
91244
5788
3695
55613
61885
82649
16054
2488
30819
63778
51650
21035
49709
17377
44308
80041
31106
73388
33972
79575
62020
68356
63790
55563
89954
33192
96767
53295
97334
36150
2336
69302
47987
73993
36515
41353
39828
31965
40379
55435
40711
94619
37322
23283
3199
70717
62617
66996
86006
10382
2267
5963
71971
48275
94063
62731
81282
55581
29806
4136
69392
37550
31384
78984
79296
59625
33428
96618
64907
10562
35249
92399
47013
35910
6330
27596
93850
32587
295
45642
93057
52787
99245
62210
72882
61674
64633
31741
48931
81399
81867
50008
94803
50231
60372
83071
54730
99482
39546
48161
87604
61922
36675
9735
43282
79201
88235
88931
45495
87374
81713
61107
23108
35958
76111
36804
8137
23441
46421
7914
19585
21933
66544
63167
48972
14214
49622
30786
66732
47949
86773
61039
69082
20572
19350
68079
26146
97120
7969
37212
3120
27787
35861
93122
44727
793
53124
39541
25810
1259
45744
90726
43582
60453
18997
46401
98581
57645
92940
77752
66453
55146
22082
39295
18188
51185
32932
67072
22638
90280
28793
9698
17064
57359
18700
4724
44582
32204
78947
58265
59122
16843
61955
3710
2168
65282
12725
45409
90019
21121
20708
23105
1246
98173
39406
6346
50273
71875
58725
8075
74882
618
91946
17870
17274
57473
30463
18633
27812
66953
14880
92585
16314
34902
94841
80647
79323
18363
53377
78047
3476
1684
17067
58095
84152
44113
94091
28137
380
76290
47024
91419
18565
77057
50057
98573
95387
66602
91326
29746
51749
43777
75352
70159
13102
33678
4006
20248
43047
33043
50273
14759
22893
8207
9295
40675
479
4316
85791
72787
2933
43375
4991
63600
80846
80603
45747
22941
23339
61762
83540
72580
93261
89455
68784
23730
50812
71502
1003
64763
91746
66362
63184
15331
52009
49395
57221
85464
9730
36963
74643
31325
76335
92344
23120
47722
60675
69948
72165
65219
25737
85812
97347
61664
83339
61431
53151
13704
12031
94912
51860
49826
92409
15306
56184
46885
46180
59765
42444
45516
58366
42646
48409
91553
46786
31490
3441
79961
17556
44655
36802
36298
6634
25921
78896
73299
97738
96400
44652
27493
52245
53939
12526
44773
31696
214
20846
9921
86618
27578
49608
97666
72323
49803
46920
55142
66561
1057
77938
34264
15584
13988
28390
86155
63170
96793
41426
56247
49455
54788
21912
84196
68682
33918
6655
63336
39760
97528
76883
81975
885
32879
65903
25284
91189
21775
81432
82133
60862
75628
72933
16519
71660
26771
586
79104
11337
12313
35017
59043
8182
77385
97686
71534
99778
24192
43729
80180
41287
19538
93928
81373
62387
99519
75063
78978
60519
95870
22791
59437
48765
23423
50944
22926
50626
97713
21205
71289
93450
42714
10719
89632
58919
78740
71133
46689
9856
96052
54968
69089
47988
73048
81825
39772
19405
42868
8928
41189
18298
70457
36773
24847
19421
61658
96572
38473
5309
22955
72086
5909
53142
57630
4442
82785
48801
29555
65610
37281
9144
13134
59475
82988
84732
87979
5946
79924
81698
87209
16086
27246
68785
42614
30841
54184
49309
95875
30375
76925
59820
96382
63045
99786
42611
99379
63316
39942
84007
70999
97952
13605
3113
90158
9813
3931
31907
85757
68194
49213
74791
32311
25863
12491
47362
15929
5797
84835
51153
39878
91549
66056
56748
48084
52298
17235
53422
99883
45910
73134
8782
66276
97270
12538
38383
73879
85381
22754
85090
3146
47361
13680
95210
81622
84396
37442
22399
10642
67126
52155
98197
77023
2520
72316
45680
6156
18245
56402
68912
30864
24550
71308
84442
25062
65079
47442
84181
88123
20647
21370
4653
69488
56551
45541
30871
12578
76467
45703
70144
2090
45080
46134
83653
20946
92777
76842
97743
58857
13198
68408
99576
44182
75533
26648
53843
19142
48851
26672
95946
4341
61665
29862
79517
31864
39891
26629
50072
61231
81568
14981
62524
59031
708
65037
36529
2334
2177
68358
90450
11390
27588
16676
9773
91540
78848
94140
37667
87343
25896
66579
25159
46194
80779
23935
54978
27650
27419
92213
7896
51731
59757
2479
70473
54723
44660
83088
80344
67646
64107
93219
94068
67562
63414
12090
77357
57169
27773
57299
28621
13170
14611
52596
54092
54827
82472
40464
50035
30969
37605
8570
30197
32682
6641
77186
83281
32663
44296
33843
78263
25542
61053
97077
31946
73556
27912
11725
68650
1227
55305
7047
7800
53793
23632
10802
60125
12529
73142
27208
80709
22251
88634
81119
58707
98167
92775
68546
89681
69449
42039
35230
95196
7888
47292
70047
31570
25298
97344
36561
42841
66701
32214
40983
9848
38907
19195
20958
65457
34745
4207
89786
73284
54155
42780
54115
28763
89997
76368
7781
68183
59181
56044
74568
98224
40836
66593
65386
55517
63898
47340
59486
42259
36837
1914
15283
78315
41166
97012
43387
44474
63509
27347
88570
44889
29005
10681
49299
41302
47205
5095
54591
36022
750
85619
97352
86786
37004
90298
33255
78494
41097
1711
38439
99588
58725
67719
14270
70486
90082
34940
66984
83095
86456
8746
34117
64050
71567
44488
76177
56948
91892
33698
17304
91320
64891
12146
76281
75955
83449
76584
44806
53033
80896
28938
15337
464
2698
74915
16395
99215
91490
19389
46529
50107
35463
80469
27844
85064
50607
46497
29293
82571
26099
85288
70178
87970
17599
80014
96079
55058
59601
54065
80494
8696
67864
62074
87833
16807
73571
46435
91080
6085
79443
86431
72829
98397
45580
40382
98021
18487
47616
82957
43194
2589
58004
30809
68223
82082
42899
54106
72244
12743
43653
34031
30791
4289
90764
81111
30953
19785
48442
88627
48361
82175
13362
77552
12631
54922
42737
93457
53493
22688
57917
60673
39098
96138
313
31264
29789
45658
84486
43784
15569
95518
89458
24491
55855
25651
28603
90896
39551
90364
32679
19578
47740
7595
90409
80217
80223
68675
79936
46047
98712
46553
45228
22496
52788
71135
11961
24694
7730
83543
58528
55141
93017
97198
6552
6717
45858
78714
95824
69
7106
6892
69010
58247
47293
33770
17719
72121
68541
61462
96388
90755
73570
62583
6718
11443
7429
52934
15097
17972
48927
90326
85397
51219
75045
5034
27529
46778
68692
73263
92034
94919
13038
53091
97550
75607
77190
76110
90344
22672
4651
56601
66341
80142
46468
44685
65801
23869
31467
11698
79612
99537
79242
71768
66396
73445
49021
94920
41922
12370
79079
63775
26948
1873
21656
29389
33625
78876
96640
32701
38659
20876
42567
86914
11507
74880
47201
71366
43615
6878
95914
14253
7212
27466
75780
98506
3774
30951
58018
46696
60910
61429
13271
75788
66569
66466
42155
71251
43740
94432
31929
19345
86385
64736
80297
10247
17872
22917
38236
7178
64560
97375
25982
35277
77018
57354
34082
88187
44989
45186
44759
20379
91452
96709
54448
40411
68614
54556
98078
30618
96310
30887
83267
38507
29429
7164
59174
17719
85933
1560
47127
87995
95004
66505
35301
29632
96905
20975
38841
81993
45769
90272
45819
92893
84108
17823
91934
43969
21681
96772
72936
86948
91787
55839
11845
59333
16279
49639
13635
2839
6852
67315
59907
33573
14536
73293
96662
25155
75890
62150
45867
14707
76996
33229
66149
24936
48577
36544
47815
9504
76320
94344
96832
66456
75956
88315
88186
94084
26415
51588
83567
28661
18854
84240
56566
36679
2728
67737
98964
89501
26442
13715
47191
40050
87999
15717
66907
47880
26701
94070
75487
81216
9494
84328
26722
98915
67566
99877
88634
68511
80410
63880
34610
3745
39339
32475
30780
48224
49491
38066
84385
70869
39389
40892
26792
26108
68743
48648
60544
77741
43887
18002
53009
62184
81311
54393
59285
15156
63985
65978
81656
29877
83297
27578
13755
20441
38870
62137
88633
40018
84534
40824
61595
14704
8443
34951
50932
68675
25003
51280
21195
5704
73969
70840
74803
46249
8788
48488
58801
37022
16590
50588
69467
8625
52388
40527
88586
47111
60966
68942
12328
44385
4154
80096
85874
57605
8228
19810
56136
58105
66806
79540
16091
29704
80456
71888
28448
46967
45217
36827
35467
68586
39428
10438
57595
47717
48855
25437
84832
26915
32135
48874
99436
66248
81889
23272
22671
75742
18012
141
45607
44632
81770
35715
87719
80791
33148
1881
38887
7869
58469
96812
55681
99650
2268
16887
35880
8542
16941
46059
30686
27204
50670
73796
60217
96448
47298
28689
97843
95564
44564
27264
51571
52452
23317
30958
57279
17688
37090
46304
22700
58680
21120
12077
45501
2815
75591
8007
45629
80934
9671
16831
62573
25223
27785
29734
64487
14869
12710
16815
89693
73552
46001
97809
3966
85533
46108
90206
79472
15388
39892
24058
81561
15994
95377
20279
93332
60036
67264
85519
59056
37358
45145
25489
94392
94926
89043
34535
54534
48070
59299
27624
13468
8856
25197
92261
33256
63853
32455
77807
18765
9969
84028
11893
21359
51264
59022
24892
93775
24171
798
20334
1131
89068
69989
88723
28588
60077
29209
48384
53924
25413
45283
27195
135
3806
54039
33347
52591
16941
52943
48027
78621
38352
11279
65245
31285
2069
79177
22973
45006
17949
93914
64569
73361
46016
76660
26696
70647
97697
21073
32749
54827
97890
46673
62456
24357
90862
11387
17916
73110
33945
20844
71088
67777
56118
37921
98705
42472
62816
20774
218
24023
36778
56676
13427
4163
32882
36397
25057
85184
71985
97083
30703
28156
78864
26890
2938
79811
43492
33427
96259
40722
73072
29195
96490
58710
55823
37942
12419
16572
61597
7493
505
88905
23026
83819
92628
68557
25398
3036
9086
1559
85436
51226
40899
12791
58238
82112
51345
67240
3036
14346
60019
12601
25097
56668
70452
45051
66094
80244
99426
29446
31741
58421
89526
60234
4842
61738
56848
20027
6059
8897
38388
64766
17889
75947
43523
869
42750
5575
33763
60114
66393
26994
33849
68669
71652
67874
38686
85777
28430
91004
28127
50975
80980
74428
35473
17933
66792
67264
30744
37484
14330
67201
31481
62044
90460
3333
17908
29875
53933
36219
35259
25436
72626
56487
98826
83435
16150
31782
27425
74819
84629
44324
9956
64559
27483
41561
23410
97949
9447
24056
72675
43455
21117
49612
68319
41251
83219
19389
53719
78331
4640
98987
37776
50002
13666
31930
14174
11654
57772
34605
62262
47395
49236
22588
18512
25500
53641
73481
14554
8114
16469
66030
25436
56351
96013
39777
41585
4935
91170
93410
24872
76091
60518
56481
97069
786
11902
35883
11677
74100
65370
66655
67367
72060
67103
56178
82734
34675
94248
83432
89471
67511
64262
63964
864
76063
99518
38953
63126
22098
69927
56520
21960
77610
50867
72017
62920
2842
66856
31940
25483
68057
89722
38257
37245
75115
14858
80064
39241
70250
74202
28290
53230
45702
27036
81086
12969
96881
89113
12028
78411
80440
73514
99877
84778
8187
74630
87866
86451
8268
67170
39434
27881
71725
56999
45470
63708
57764
79004
60167
31677
11183
56017
53633
6922
99213
17912
70806
21771
97163
47840
75057
38805
72139
2273
91434
73496
58275
31312
95491
85372
15854
59905
52602
91593
82356
779
5245
14585
16735
8061
65825
57862
75214
15166
76120
92017
58929
72723
99282
75447
